void InitWeights()
{
   W1[0][0] = 0.07830;
   W1[0][1] = 0.06527;
   W1[0][2] = 0.10087;
   W1[0][3] = 0.05105;
   W1[0][4] = 0.09135;
   W1[0][5] = 0.02720;
   W1[1][0] = -0.01470;
   W1[1][1] = 0.19808;
   W1[1][2] = 0.43445;
   W1[1][3] = 0.14577;
   W1[1][4] = 0.11987;
   W1[1][5] = 0.40900;
   W1[2][0] = 1.34429;
   W1[2][1] = -2.07419;
   W1[2][2] = 0.23977;
   W1[2][3] = -0.62851;
   W1[2][4] = 0.99135;
   W1[2][5] = 0.65236;
   W1[3][0] = -0.18249;
   W1[3][1] = -0.04158;
   W1[3][2] = 0.19638;
   W1[3][3] = 0.38410;
   W1[3][4] = 0.04067;
   W1[3][5] = 0.12417;
   W1[4][0] = 0.15328;
   W1[4][1] = 0.01119;
   W1[4][2] = 0.00474;
   W1[4][3] = 0.14068;
   W1[4][4] = 0.04935;
   W1[4][5] = -0.17321;
   W1[5][0] = -0.09618;
   W1[5][1] = -0.58138;
   W1[5][2] = -1.23074;
   W1[5][3] = 0.06456;
   W1[5][4] = 6.07372;
   W1[5][5] = -0.15404;
   W1[6][0] = -0.08049;
   W1[6][1] = -0.05263;
   W1[6][2] = 0.01503;
   W1[6][3] = -0.05899;
   W1[6][4] = 0.04598;
   W1[6][5] = -0.00159;
   W1[7][0] = 0.01321;
   W1[7][1] = 0.06742;
   W1[7][2] = 0.24400;
   W1[7][3] = -0.11368;
   W1[7][4] = 0.05847;
   W1[7][5] = -0.00242;
   B1[0] = 0.82043;
   B1[1] = -0.52774;
   B1[2] = 0.80638;
   B1[3] = 0.76217;
   B1[4] = 0.78485;
   B1[5] = 1.16314;

   W2[0][0] = 1.82605;
   W2[0][1] = 1.90579;
   W2[0][2] = 0.01320;
   W2[0][3] = -0.75401;
   W2[1][0] = -2.23163;
   W2[1][1] = -1.64896;
   W2[1][2] = -0.89032;
   W2[1][3] = -0.25608;
   W2[2][0] = 0.70440;
   W2[2][1] = 0.31465;
   W2[2][2] = -0.30599;
   W2[2][3] = 0.18466;
   W2[3][0] = 0.11412;
   W2[3][1] = 1.02447;
   W2[3][2] = -0.34215;
   W2[3][3] = 0.90446;
   W2[4][0] = -1.42757;
   W2[4][1] = -1.73036;
   W2[4][2] = -1.32166;
   W2[4][3] = 0.17226;
   W2[5][0] = 1.16735;
   W2[5][1] = 1.20396;
   W2[5][2] = 0.85297;
   W2[5][3] = -1.21634;
   B2[0] = 0.46566;
   B2[1] = 0.01513;
   B2[2] = 1.08244;
   B2[3] = 0.12949;

   W3[0][0] = -0.90167;
   W3[1][0] = -1.40956;
   W3[2][0] = -0.93856;
   W3[3][0] = -1.00279;
   B3[0] = 0.32420;
}
