void InitWeights()
{
   W1[0][0] = -0.34553;
   W1[0][1] = 0.32606;
   W1[0][2] = 0.18665;
   W1[0][3] = 0.05386;
   W1[0][4] = -0.53094;
   W1[0][5] = -0.22559;
   W1[1][0] = -0.52486;
   W1[1][1] = 0.33583;
   W1[1][2] = 0.19215;
   W1[1][3] = 0.16179;
   W1[1][4] = -0.41767;
   W1[1][5] = 0.19466;
   W1[2][0] = 0.41964;
   W1[2][1] = -0.18929;
   W1[2][2] = -0.40277;
   W1[2][3] = -0.35010;
   W1[2][4] = -0.27121;
   W1[2][5] = 0.03090;
   W1[3][0] = -0.20118;
   W1[3][1] = -0.40451;
   W1[3][2] = 0.19264;
   W1[3][3] = -0.44312;
   W1[3][4] = -0.44992;
   W1[3][5] = 0.06074;
   W1[4][0] = -0.11976;
   W1[4][1] = -0.07111;
   W1[4][2] = -0.06930;
   W1[4][3] = 0.22331;
   W1[4][4] = -0.18589;
   W1[4][5] = -0.11861;
   W1[5][0] = 0.35700;
   W1[5][1] = -0.05461;
   W1[5][2] = -0.82332;
   W1[5][3] = 0.24720;
   W1[5][4] = 0.55044;
   W1[5][5] = 0.05929;
   W1[6][0] = -0.21060;
   W1[6][1] = -0.13101;
   W1[6][2] = 0.11589;
   W1[6][3] = -0.04110;
   W1[6][4] = -0.36998;
   W1[6][5] = -0.18398;
   W1[7][0] = -0.58768;
   W1[7][1] = 0.29165;
   W1[7][2] = -0.13381;
   W1[7][3] = 0.17635;
   W1[7][4] = -0.23250;
   W1[7][5] = 0.16371;
   B1[0] = 0.24249;
   B1[1] = -0.62734;
   B1[2] = 0.70091;
   B1[3] = 0.59216;
   B1[4] = 0.47754;
   B1[5] = 0.78464;

   W2[0][0] = -0.04047;
   W2[0][1] = 0.67955;
   W2[0][2] = -0.66401;
   W2[0][3] = -0.41950;
   W2[1][0] = -0.75490;
   W2[1][1] = -0.40973;
   W2[1][2] = -0.28559;
   W2[1][3] = -0.52016;
   W2[2][0] = 0.74017;
   W2[2][1] = -0.04843;
   W2[2][2] = -0.20416;
   W2[2][3] = 0.25498;
   W2[3][0] = -0.35333;
   W2[3][1] = 0.63259;
   W2[3][2] = -0.54154;
   W2[3][3] = 0.89753;
   W2[4][0] = 0.59026;
   W2[4][1] = -0.31718;
   W2[4][2] = -0.62459;
   W2[4][3] = 0.58197;
   W2[5][0] = 0.51764;
   W2[5][1] = 0.50360;
   W2[5][2] = 0.52333;
   W2[5][3] = -0.51469;
   B2[0] = -0.00419;
   B2[1] = -0.41120;
   B2[2] = 0.74045;
   B2[3] = 0.38036;

   W3[0][0] = -0.57634;
   W3[1][0] = -0.78235;
   W3[2][0] = -0.68010;
   W3[3][0] = -0.57289;
   B3[0] = 0.32950;
}
